  257       1900
   21         55
   41        140
  260       1700
   17         70
   33         55
    6          6
    6          5
   91         94
   14         60
    9         33
   69        380
   13         95
   10         36
    5         10
   39        140
  154        850
   85        420
   66        420
   17         31
  112        100
   35        260
    6         37
   15         32
  207       1000
  190       1000
  140        450
  166        730
    6          5
   35        150
  180       1100
  200       1100
    9         30
   37         56
   21        130
   73        480
  108        510
   10         25
  193        690
    7         10
    7         33
    6         47
    5          9
   55         67
  205        990
    5          7
  138        730
   35        150
   27        130
   39         84
   36        150
  146        880
   85        630
    8         38
  169        850
   20         75
    4          5
    5         17
   91        420
  123        540
   45         32
    5          9
   95        540
    6         10
   47        240
  160        740
  204       1100
   69        170
  119        680
   41        110
    9         11
    3          0
   87        540
   41        230
   39         76
  125        250
    6          4
    6         13
    5          5
   20         87
    4         10
   28         41
   73        210
  123       1000
   12         12
   68        110
   91        650
   13         61
   31        150
   84        550
  235        760
   16         97
    9         19
    4         28
  126        550
  178       1800
    7         41
   72        110
  220       1200
  184       1000
   17         24
   28         83
   68        110
   39        220
  158       1000
  106        360
   65        300
   82        740
    6         16
    6          7
   38        230
  262       1600
  198        800
    4         10
   12         87
  103        500
   24        160
   93        300
   29        170
   34        410
   36        200
    8         10
    6          8
   13          7
    5         20
   32         36
   20         58
   16         65
  203       1400
   27         23
  137        690
   14          9
  283       2000
    3         15
    8         10
    5         17
   22        130
  225       1100
   66        230
    5          5
   15         92
   93        590
   39        110
  153        370
    4          8
    5          7
   18        160
  118        100
   26         44
   12         13
  140        570
   20        110
   24        120
   39         70
  102         31
  140        880
   20         38
    8         54
    6         11
  165       1500
    8         14
   15         20
   69         24
   21         78
   23        130
  113        570
  182        750
  126       1100